initial_pose_a: -0.7554747184699955
initial_pose_x: -8.66130827943131
initial_pose_y: 17.285656355792128
