initial_pose_a: 2.8834429274385336
initial_pose_x: 18.927086689113164
initial_pose_y: -8.448358587751834
