initial_pose_a: 0.9932608274514091
initial_pose_x: -5.323545210596006
initial_pose_y: 19.605989929827853
