initial_pose_a: 2.8560200306070174
initial_pose_x: -28.49825409227391
initial_pose_y: -8.538694824636632
