initial_pose_a: 1.0968375331815667
initial_pose_x: -6.471321664197883
initial_pose_y: 17.608806303938028
