initial_pose_a: 2.9224415737754854
initial_pose_x: -10.202905426952753
initial_pose_y: 18.42679658825245
