A:
  frame_id: camel_amr_500_001/map
  orientation:
    w: 0.5029994988008114
    x: 0.0
    y: 0.0
    z: -0.8642867025507985
  position:
    x: -15.065265382047322
    y: 20.995199937411332
    z: 0.0
B:
  frame_id: camel_amr_500_001/map
  orientation:
    w: 0.9656003853596228
    x: 0.0
    y: 0.0
    z: -0.2600305670365467
  position:
    x: -10.28095650141219
    y: 18.53410841844478
    z: 0.0
