home:
  frame_id: camel_amr_1000_001/map
  orientation:
    w: 0.9932484182622954
    x: 0.0
    y: 0.0
    z: 0.11600680850470933
  position:
    x: 2.4791089815130123
    y: 0.46414553473864817
    z: 0.0
? ''
: frame_id: camel_amr_1000_001/map
  orientation:
    w: 0.18011630541855514
    x: 0.0
    y: 0.0
    z: 0.9836453204902516
  position:
    x: 1.2933424127813538
    y: -5.418923889072338
    z: 0.0
