initial_pose_a: 2.875035844466287
initial_pose_x: -27.013930245978894
initial_pose_y: -8.236311341764141
