image: ./07_04_office.pgm
resolution: 0.050000
origin: [-15.851483, -9.661014, 0.000000]
negate: 0
occupied_thresh: 0.65
free_thresh: 0.196

