image: /home/nvidia/maps/cartographer_map.pgm
resolution: 0.050000
origin: [-45.744485, -18.696371, 0.000000]
negate: 0
occupied_thresh: 0.65
free_thresh: 0.196

