image: /home/nvidia/map.pgm
resolution: 0.050000
origin: [-6.920652, -9.752815, 0.000000]
negate: 0
occupied_thresh: 0.65
free_thresh: 0.196

