image: ./office_29_03.pgm
resolution: 0.050000
origin: [-4.481436, -22.884989, 0.000000]
negate: 0
occupied_thresh: 0.65
free_thresh: 0.196

