image: ./unfinished_map.pgm
resolution: 0.050000
origin: [-12.013389, -13.319980, 0.000000]
negate: 0
occupied_thresh: 0.65
free_thresh: 0.196

