initial_pose_a: 2.446748538362274
initial_pose_x: -19.682942864910984
initial_pose_y: -4.21081373623473
